31.0 4 119.0 82.0 2720.0 19.4 82 1
44.0 5 97.0 52.0  2130.0 24.6 82 2
32.0 4 135.0 84.0 2295.0 11.6 81 1
28.0 4 120.0 79.0 2625.0 18.6 82 1
31.0 5 119.0 82.0 2720.0 19.4 82 1
27.0 4 140.0 86.0 2790.0 15.6 82 1
44.0 4 97.0 52.0  2130.0 24.6 81 2
32.0 4 135.0 84.0 2295.0 11.6 82 1 
28.0 4 120.0 79.0 2625.0 18.6 82 1
31.0 4 119.0 82.0 2720.0 19.4 82 3
27.0 4 140.0 86.0 2790.0 15.6 82 3
31.0 4 119.0 82.0 2720.0 19.4 82 1
44.0 5 97.0 52.0  2130.0 24.6 82 2
32.0 4 135.0 84.0 2295.0 11.6 81 1
28.0 4 120.0 79.0 2625.0 18.6 82 1
31.0 5 119.0 82.0 2720.0 19.4 82 1
27.0 4 140.0 86.0 2790.0 15.6 82 1
44.0 4 97.0 52.0  2130.0 24.6 81 2
32.0 4 135.0 84.0 2295.0 11.6 82 1
28.0 4 120.0 79.0 2625.0 18.6 82 1
31.0 4 119.0 82.0 2720.0 19.4 82 3
27.0 4 140.0 86.0 2790.0 15.6 82 3
31.0 4 119.0 82.0 2720.0 19.4 82 1
44.0 5 97.0 52.0  2130.0 24.6 82 2
32.0 4 135.0 84.0 2295.0 11.6 81 1
28.0 4 120.0 79.0 2625.0 18.6 82 1
31.0 5 119.0 82.0 2720.0 19.4 82 1
27.0 4 140.0 86.0 2790.0 15.6 82 1
44.0 4 97.0 52.0  2130.0 24.6 81 2
32.0 4 135.0 84.0 2295.0 11.6 82 1
28.0 4 120.0 79.0 2625.0 18.6 82 1
31.0 4 119.0 82.0 2720.0 19.4 82 3
27.0 4 140.0 86.0 2790.0 15.6 82 3
31.0 4 119.0 82.0 2720.0 19.4 82 1
44.0 5 97.0 52.0  2130.0 24.6 82 2
32.0 4 135.0 84.0 2295.0 11.6 81 1
28.0 4 120.0 79.0 2625.0 18.6 82 1
31.0 5 119.0 82.0 2720.0 19.4 82 1
27.0 4 140.0 86.0 2790.0 15.6 82 1
44.0 4 97.0 52.0  2130.0 24.6 81 2
32.0 4 135.0 84.0 2295.0 11.6 82 1
28.0 4 120.0 79.0 2625.0 18.6 82 1
31.0 4 119.0 82.0 2720.0 19.4 82 3
27.0 4 140.0 86.0 2790.0 15.6 82 3